[me.jpg]
filters=warm=1;radblur=1,0.430556,0.285417,0.333333,1.000000;retouch=1;
moddate=00004dda66d40000
width=360
height=480
textactive=0
[me.1.jpg]
filters=retouch=1;retouch=1;
moddate=000064da66d40000
width=360
height=480
textactive=0
